0.042386 78
71.898865 1
0.233148 1
0.375685 1
0.438182 1
0.144336 1
0.361721 1
0.193497 1
0.235846 1
2.911781 1
0.169579 1
0.750536 1
12.441917 3
0.122683 3
2.510097 3
0.527591 3
0.175609 3
0.822287 3
0.331102 3
0.197900 3
1.395338 3
2.953052 3
1.260027 3
0.619348 3
0.430030 3
0.118573 3
0.449836 3
0.331035 3
0.117807 3
0.714101 3
0.287776 3
0.172853 3
4.310461 1
0.182589 1
0.225977 1
1.617253 13
0.106140 9
4.784239 3
0.500027 3
0.398403 3
0.719369 3
0.180939 3
0.247714 3
0.140579 3
1.086075 3
0.183496 3
3.110374 3
0.369816 3
0.197983 3
0.160228 3
2.107646 3
1.759161 3
1.877283 3
0.269711 3
0.435650 3
0.285012 3
7.628096 3
0.448773 3
0.240396 3
0.383905 3
0.469369 3
0.122521 3
2.158211 3
0.242466 3
0.244964 3
0.530017 250
1.360936 3
0.702325 3
0.388251 3
0.238355 3
5.421253 3
1.166171 3
0.286189 3
0.706291 3
2.339506 3
0.171059 3
0.805076 3
0.439322 3
0.260879 3
1.541341 3
5.395218 140
4.643709 70
3.039477 166
1.755852 1
0.280464 1
0.417511 1
0.419601 1
0.230174 1
0.252377 1
0.276765 1
0.833569 1
0.746161 1
0.170489 1
0.840639 4
0.172987 4
0.667525 1
0.185990 1
21.184873 1
6.863355 3
0.442608 3
0.191973 3
0.584976 3
0.116617 3
0.445880 3
3.328274 3
4.686802 3
0.264250 3
1.833593 3
3.841756 3
0.333854 3
1.263011 3
0.584976 3
0.156308 3
0.158187 3
3.579919 3
0.702118 3
0.410040 3
0.504268 3
0.486741 3
0.446890 3
0.238606 3
1.145253 3
26.741941 3
0.261027 3
0.266547 3
0.180535 3
0.257864 3
0.577960 3
0.229135 3
0.685095 3
0.148143 3
4.207336 3
2.161354 3
0.788197 3
1.061488 3
4.384264 3
0.331339 3
0.899066 3
0.241723 3
1.134944 3
7.060690 3
0.553648 3
0.226765 3
0.340756 250
0.621042 3
3.574832 3
0.207700 3
0.677684 3
0.521108 3
2.069511 3
0.342732 3
1.881524 3
0.575357 3
1.443935 3
0.450525 3
0.145770 3
0.320365 3
19.462170 137
5.182606 1
0.223574 1
0.445192 1
0.309756 1
0.686656 1
0.231997 1
0.780433 1
0.328801 1
0.712681 1
0.729697 4
0.325765 1
0.175824 1
0.768910 1
5.201018 3
1.010490 3
0.920932 3
0.537548 3
0.169645 3
0.565037 3
0.222092 3
0.168215 3
1.025618 3
11.710953 3
1.227689 3
0.660146 3
0.441638 3
0.254276 3
0.986151 3
0.494734 3
5.207557 3
1.201776 3
0.335145 3
0.830631 3
0.171495 3
0.453153 3
0.155217 3
2.617789 3
0.525385 3
5.621054 3
0.254499 3
0.698025 3
0.466203 3
1.924675 3
0.650723 3
2.635285 3
0.538181 3
0.222303 3
0.330952 3
12.111647 3
0.631345 3
0.327503 3
1.371335 7
0.848238 3
0.237568 3
4.321628 3
0.518204 3
0.401760 3
0.165904 3
0.562553 3
0.939915 7
1.613655 3
0.243283 3
0.148610 250
1.090148 3
2.134611 3
0.508439 3
3.013372 3
0.311486 3
0.273449 3
0.159940 3
0.279564 3
1.050453 3
0.266131 3
6.259811 3
0.156509 3
0.183515 3
4.763845 3
1.198871 3
0.418597 3
2.930840 3
0.465176 3
0.345002 3
0.155489 3
0.835259 3
0.216531 3
0.146249 3
3.164633 3
0.260615 3
0.880261 3
1.949095 3
0.938082 3
0.541550 3
0.227527 3
0.338053 3
0.543380 3
2.439329 3
0.466505 3
0.453722 3
0.224947 3
4.121257 3
3.098175 3
0.328371 3
0.161421 3
0.469762 3
0.251676 3
0.160146 3
3.921463 3
3.172887 3
0.697803 3
0.952942 3
0.508814 3
0.139887 3
0.362820 3
3.393488 3
0.291664 3
0.280375 3
2.712642 3
0.217962 3
1.392334 3
0.176972 3
0.255482 3
2.315991 3
3.598552 181
12.761279 1
0.324654 1
0.355409 1
0.126776 1
3.462639 1
0.229898 1
6.433705 1
0.249361 1
0.756068 1
0.539233 3
0.613228 3
0.393584 3
0.143942 3
0.291377 3
2.535629 3
0.391723 3
0.562714 3
2.911971 3
0.754520 3
5.461140 1
1.026685 1
3.098877 1
1.812517 1
1.049033 1
0.475732 1
3.113456 1
0.718744 1
1.968081 1
2.278110 1
0.299680 1
0.671159 1
3.505254 1
0.382630 1
3.163445 39
0.000160 78
7.311891 1
0.126343 1
0.343743 1
0.090554 1
1.950452 1
0.209584 1
0.291554 1
4.104904 4
1.279141 1
0.186267 1
0.778220 1
5.805254 3
0.324638 3
0.142426 3
0.693593 3
0.352840 3
0.553951 3
0.219727 3
0.317233 3
0.207901 3
1.788429 3
0.413796 3
0.123679 3
1.986359 3
0.597494 3
0.111440 3
1.664987 3
1.503337 3
1.503615 1
2.391641 1
9.276323 103
6.030900 1
0.141144 1
0.450752 1
4.522142 1
0.234243 1
1.006754 4
0.143783 1
0.857230 1
0.623526 4
0.132606 1
0.461698 1
0.135643 1
0.133545 1
0.179534 1
5.490605 225
0.000904 78
38.638798 1
0.073987 1
0.388538 1
0.927475 1
0.106164 1
1.077627 1
0.574444 1
0.244894 1
0.530956 1
0.214150 1
102.063246 216
0.000168 78
5.301467 10
1.422635 1
0.916591 7
0.379092 5
100.369957 72
0.000317 16
0.000049 6
0.000040 2
0.000042 16
0.000041 6
0.000038 2
0.000041 16
0.000042 6
0.000037 2
0.000041 16
0.000041 6
0.000037 2
0.000041 16
0.000041 6
0.000037 2
0.000067 16
0.000044 6
0.000038 2
0.000289 78
149.252829 150
12.450779 123
33.865459 178
24.159847 10
0.788775 2
0.352489 25
0.071721 81
0.000106 2
0.000040 3
0.000035 2
0.000034 15
0.000033 2
0.000034 40
0.000034 2
0.000033 3
0.000033 2
0.000085 19
0.000037 2
0.000034 63
0.000034 2
0.000034 40
0.000034 2
0.000033 3
0.000034 2
0.000034 22
0.000034 2
0.000035 80
0.000034 2
0.000033 3
0.000034 2
0.000033 51
0.000034 2
0.000033 3
0.000034 2
0.000033 27
0.000034 2
0.000034 52
0.000033 2
0.000033 3
0.000034 2
0.000034 80
0.000034 2
0.000034 73
5.656674 28
0.001209 78
11.788383 14
0.358514 25
0.081736 81
0.000069 2
0.000030 3
0.000029 2
0.000027 15
0.000029 2
0.000027 83
0.000028 2
0.000028 67
0.000028 2
0.000028 3
0.000027 2
0.000028 19
0.000028 2
0.000027 44
0.000028 2
0.000027 3
0.000028 2
0.000027 103
0.000028 2
0.000029 151
0.000028 2
0.000028 137
0.000027 2
0.000028 148
0.000028 2
0.000029 153
0.000094 34
0.000030 2
0.000028 3
0.000028 2
0.000044 45
0.000029 2
0.000028 3
0.000027 2
0.000028 128
0.000028 2
0.000028 73
1.706334 28
0.001397 78
18.510719 15
0.353189 25
0.072842 81
0.000075 2
0.000035 3
0.000029 2
0.000028 15
0.000055 2
0.000028 40
0.000028 2
0.000027 3
0.000028 2
0.000028 19
0.000029 2
0.000028 63
0.000028 2
0.000028 40
0.000028 2
0.000027 3
0.000028 2
0.000028 22
0.000028 2
0.000027 80
0.000028 2
0.000028 3
0.000028 2
0.000027 51
0.000028 2
0.000028 3
0.000027 2
0.000028 27
0.000028 2
0.000028 52
0.000028 2
0.000027 3
0.000028 2
0.000028 80
0.000028 2
0.000028 73
1.564679 28
0.009241 101
0.000068 2
12.602175 11
2.663623 3
0.500993 3
0.030372 3
0.030587 3
0.031197 3
0.031779 3
0.030758 3
0.028286 3
0.030157 3
0.030982 3
0.030564 3
4.225659 2
0.001383 25
0.095674 81
0.000065 2
0.000033 3
0.000030 2
0.000030 15
0.000030 2
0.000030 83
0.000029 2
0.000030 67
0.000030 2
0.000029 3
0.000030 2
0.000030 19
0.000029 2
0.000030 44
0.000071 2
0.000033 3
0.000030 2
0.000030 103
0.000030 2
0.000031 151
0.000029 2
0.000030 137
0.000030 2
0.000030 148
0.000193 2
0.000033 153
0.000103 34
0.000033 2
0.000030 3
0.000029 2
0.000030 45
0.000030 2
0.000029 3
0.000030 2
0.000030 128
0.000030 2
0.000030 73
1.583101 28
0.001147 78
2.755513 2
0.969247 5
0.313330 1
1.484969 11
1.618165 2
0.000335 24
0.000165 142
0.000088 56
0.014880 135
0.001214 165
0.000071 46
0.000054 42
0.000056 62
0.000052 38
0.000057 84
0.000055 78
0.000091 208
0.000056 76
0.000055 80
0.000172 6
1.468400 162
8.099400 13
0.778657 2
0.280871 50
0.000068 2
0.000039 44
0.000031 2
0.000485 78
10.437158 13
0.592609 2
0.004655 78
7.525760 106
10.380189 119
9.787531 5
0.652316 80
13.375825 3
0.614300 92
9.289853 106
0.691791 96
5.052411 119
20.075492 85
0.620950 80
5.133202 1
0.197318 1
0.662278 1
0.138036 1
1.611207 8
